9630746611311367493,4910347819617476172
1720843356971018362,6719320296215004565
6443749055670974945,9609084709436646353
8538863980483716911,4125932763769750652
2375842614340753695,5795031873908576037
1862937040474750751,3917345314279199390
7576088466219616128,7888449719525848755
7051132971515518040,6536923715662090041
6853048995739320112,57352377438019318
9200259543855063398,5852649786035072148
8649383723744689938,5938422412425121663
806737445796797310,9757816442505299575
6711814583559189309,7191594687205230830
454177501945229608,2573890532421986809
8031892972943799710,8119551932320598017
2549310044582791090,6057538393942540213
7607981945066695882,8826402024414083041
2050356550169259805,2071322409610422655
3350737322606423717,262794925650483828
4244869738997779950,5261105851674080583
2054518518049181522,785722742950572457
8502115307571841609,3434168381748640849
2852963513165277322,8409850308711358819
6097537934248969079,8527151693769528541
2741598277936935596,6157156613172349334
8994599398262722969,1722157915590900580
3088902596312649568,8061011703125967899
1642954510024377429,3215047689135420919
3486864783469101786,2201352059427205467
929805789431686399,8920815549884277664
4944419142074574858,2842518036648411840
2489445116659430858,519404297564754582
995951356395744088,1367468632277558218
3999251701824546413,2547087269863753607
8062036086369293224,7812511049298056810
6476410784156225295,9157789704662312208
4654152365167315926,481117498620177677
5999960783883156675,7418180054518214221
1365643292809618945,4530884269607301801
5888215353642748742,2866341733344679229
1427235314157629701,4315151965417114604
53288972035924923,9614657587094741103
2467450028627548948,3128300317445229475
6103820660405789193,108332688855049453
1628564197148489875,5077413883323630066
1590778414308419732,8541030108851835150
6724251164951327352,6144027008460999768
3844563739083424456,2550333930027622410
1538541046665237757,5768473615407450136
6876981648979819137,8941326742164465078
6635861665600491181,1432892974983263951
2535079715671051892,3370555933866961674
7302097934119367646,2826644571066594239
5776766534503218936,977512859185324086
1313406866291010564,4199489480762517162
7128199787925552456,1335689899769250216
2332845573923866105,219864996570993976
5733113152071561891,7874475326132734171
756161577678205517,9365658271631488903
2867692972220812193,329342077146477450
4071220614359597878,1598109871474491695
1032999707036936169,181050073761253785
8127861919309685608,5527355975911026672
842630234711103717,3596936623254921469
457307043869256580,2952883208119011449
5633361465345209414,8041584956102003223
2713898283144056706,113939594741146062
460895632164485703,9377791115981440168
4245378902488458436,6597541011205414886
9304776151152028373,2859277970415037645
3849937059889700952,7772592383731017585
9902932102577708945,3032638997135459613
7045923841599590080,4579407897670758900
2453353756893364716,9080516188820978142
5774621944808915844,2229970266695486502
7198419516574937670,1591645810713138961
9187396892380834516,3523528348194517042
6296396105962306532,2693479163719309343
3421779069724826905,2524733399171899229
3667784973279766244,1100214616590692661
5491279912735463295,4153131498005817331
489719104603435924,165654775134619336
201301949929707688,4866240403659187819
2844084700157856595,8816591673288544884
1929737513781529188,8683794873410738059
1608762864615140640,9403997521884889904
2160756951533969252,1025491947377219334
4755232007816377183,2678352706826163379
9492618533520692956,2690806284928486988
9282030649087885721,1776904288458636415
5979570855644984345,6960329537075288115
3436476334639478812,4148630847918144400
113809932539788292,4212917333363049851
506216485874833765,6144664148597672654
5761299259550383843,1199084679584977722
5012575902061202226,6084342069338624503
6645680766061491128,9293905542660906077
9225943232905793868,2883936851995573862
8499978828074094458,9065442963166093430
763981936939019151,7528554891469877473
-8498131881099881320,-4481539936637415959
