14541094430928843665
8440163653186022927
16052833765107621298
12664796744253467563
8170874488249329732
5780282354753950141
15464538185745464883
13588056687177608081
6910401373177339430
15052909329890135546
14587806136169811601
10564553888302096885
13903409270764420139
3028068034367216417
16151444905264397727
8606848438525331303
16434383969480778923
4121678959779682460
3613532248256907545
9505975590671860533
2840241260999753979
11936283689320482458
11262813821876636141
14624689628018497620
8898754891109284930
10716757313853623549
11149914299438617467
4858002199159798348
5688216842896307253
9850621339315964063
7786937178722986698
3008849414224185440
2363419988673302306
6546338971688300020
15874547135667350034
15634200488818537503
5135269863787493603
13418140838401370896
5896527562416920746
8754557086987427971
5742387279574744305
9667946559130666026
5595750346072778423
6212153349260838646
6705978080472119941
10131808523160254882
12868278173412327120
6394897669111046866
7307014662072687893
15818308391144284215
8068754640583755132
5905635649538013566
10128742505185961885
6754279393688543022
5512896347053527726
8463889687694802672
2552710570494860081
13607588478204296062
10121819849309694420
3197035049367289643
5669330485834089573
1214049780798189954
13655217895220712280
4439566857966025186
3410190251988268029
13674946421447212637
2827837877885202768
9838686748145925871
10842919913693873322
12164054121567066018
11622529443620718537
12935571099713168558
11625331739270348980
11533869945714342858
8004592211504402346
8790065327288076631
12710925240575351558
8989875269681615875
5946512468896726134
4767999589870458905
9644411410741280626
655373879738055260
5067542353588895507
11660676373446401479
10613532387192267247
11012760386500030544
3186248898911188586
7433584714642540562
12183424818449179944
11058934937546522136
12939900392720272460
7585107182557623212
4326727265902838143
6650880634472506419
6960383939135361565
11096917971399826729
15939586308722397205
12109880084901367730
17565421791240187888
8292536828408896624
