6738255327508151440
16964808931981424363
5239199327427933663
9847426430215506599
4031164478891486146
12784266580665431503
3109683370610807965
7584573832811737373
4669975898765242392
14149579495091720564
8096922529922415433
10639096537911859469
14530467682899397110
7180603134454393965
2865816407679851955
10425823629660257414
2367816130089793770
14529289031804630144
10196388192674261951
6778144263164067458
15271444354611293566
15727312531669299777
3190607378504391511
6239248907962313576
6254112180928081632
4762231008794907293
11503669482236745781
12433542194614563442
10589774983980897513
14229114181940109857
4967961380506860050
19046471196686794040
7801451203633820768
9871699496506815288
8420767269902113947
10777202648211869273
4591570220473307594
7166934256886097788
7408968230012947484
4681862224838793507
15557290750753737316
10246340131107569460
14248163861185924279
14754803756180507099
7001984195063213308
17781947081219829964
12161285516047436440
4360648843119817338
13350993429945715184
10988713239196444040
6239758532365574704
7188794891022330631
6939121358619272846
14217720129464523703
6773823997317588761
11896128739593366760
5960199799949589584
12232654997363512099
11876653231605039398
10366788324502182924
8219806987887590479
12116238433549952384
14485824742950005301
10118913984687671399
11473028770815631776
8564311920049603070
3384125189010455378
11926816075454127407
13763761336343563811
12192429374841972489
5239562232213079437
4610257407964025517
9949641165767191526
6617213938596832731
5346469536798966512
7006889842352032875
16373538762393182233
6666984144700539211
2760421974746682031
14832803397205454730
5145085450524691883
4742801004782198850
14103355557947643975
9551707252109952873
1266121720640081806
12930051750728594092
5307190724136188436
9601005092485349191
9142502927652810903
11641333687558117887
9472847593560675975
16266563582721743688
12935688155878916257
9929687909456728450
12979671817737297279
9846999705635332651
12547761032996985867
11266844090336718424
9588791872180025871
13001102306649614038
