8374143981353443825
3274018556229366163
10147340741096770926
11310258885493752643
16451079972629060874
4134325924835812199
14865982413659274289
13039444149259461372
17603805187969385070
3922762424817178548
6605809912421279946
17952104395522257490
11837618812040513791
15402944854718553207
7505452913541264696
7739633505315027545
9602524201451997044
14734923332761450132
15062818156570627288
13845899297120019454
12378016938806232672
10085549276165308614
5918702943012322889
5825480333487726689
8151722506713085734
6368247105316471544
5961096953842044267
3764158819143881495
5193966297598108277
12504644702118636057
3221146375435520832
16291729235523466158
9730526777798359391
14349538422058690920
5527497504891385309
7302608608868595934
12062444635771892420
8491561993484454405
10715443401154611231
11938931740529497013
3340382111506193524
5606310776845296566
2771755596632441008
17383494259766812853
13650542438239681470
10687096600506127442
15611823311700830581
10158392321168663457
8588703506092523143
10934526042612502155
6116986532042736305
6297674963663671412
14601746679836699884
3013629746908015297
10131929785972050940
5813122646457753103
14248391133475897241
5681198866083270886
4873949548897048414
16376077622906362365
9425659911795956545
7538112338414741400
12937380126070919003
10222162518774480768
15498108177813933777
12616366444207514286
16940284179239001449
15351106096660620045
10024418495148633795
5013870320315821716
18014219432023129850
13483627560760241695
7080344690154395814
7877860506732853555
9489995877741814572
8171254475875969601
4766175479697787985
18185890124243465136
8864726134757287849
15398098951580012783
6057884201402099449
9626302868544797395
13999071079659266654
11614228933106720012
12793447582442804852
8934382771840995506
8019091019797141126
6865838966256948211
11033615407231570865
4096866594724866546
4733994370371974814
7661635151562243303
10157019264847728050
18490213197269951095
11878439290627318001
15823448584706842200
12855788963721222587
8866174450478414976
16369230320339413516
10277573538838707779
