11770778841490863819
8231790669668553183
11984434615912755402
12102475442810912619
12361500760191197935
15454929115233068541
10557806125098039911
4339166470172146663
10730559851664345276
6798827422548138446
14693865881883548659
11214508921944359353
13708435349582336090
6928734676684666390
7477152901478712616
4489955548321281633
13123174320048197840
7297326655281329826
17150131859094611821
10688002569075590953
7690923960071846742
16250603695686265836
16202362785389261508
14462273937901093352
17039686956761458332
10655294405899730156
7382470897335973462
1890522414528367168
6473741454588643080
3546948970287236335
12291033263019671746
16348319837264533789
17142001232531823360
6928081876250444094
7732558458774854309
11823343412405362648
12549732732744039791
16780556937071684835
6997528206944586905
8766492283717153570
1450511477826712474
10942257011685289356
5871211776103093249
12058784538743173550
10011730730668753337
3385262067833186015
10400520378092774938
13448606313562331061
10391196314283004304
1928856535365865499
16404468899802086029
4449761610597407635
7922659799429678889
11734754300176624199
9984280474651786559
7176443557192311063
10684822600929586792
6224581867104692609
10245668648274992333
2975727588838353191
11762469188990259968
13466601472278275740
2464997167063145949
12169932878996070813
12061708130268467478
11390892056511660741
5668932404776535935
7100293966626054800
9015841537320811853
7356431771036193583
10382444150507856967
648429728409807583
15487253437898792053
8055467284708440408
5809793402977241850
1487400125721665106
4876773556280339753
8797174733851212465
17499400536920400299
6880409234689329320
11458897137046181548
8324087854720860013
12107402339878826202
2121433574171862032
8215452742658450967
13497647916199811325
9634466841839250664
13237272751382484306
12640797974401448209
17989169451648481900
8579659328088269886
3816688929042804989
6556785047473749474
8519776951783514463
10677502881130418647
8072068213503978420
13829431351268893407
7424913743643948995
14139054216618816761
1326669808293353761
