0.000000022
-688228225.416666627
0.000000163
0.000000069
-965099287.666666627
0.000000058
1000000000.000000000
1000000000.000000000
0.000000252
0.000000114
1000000000.000000000
0.000000022
1000000000.000000000
0.000000302
0.000000017
0.000000136
-978137477.833333373
0.000000030
0.000000525
0.000000033
621601561.083333373
754996075.000000000
0.000000505
0.000000046
958754252.416666627
447523688.333333313
0.000000123
0.000000095
644945013.583333373
0.000000051
1000000000.000000000
0.000000113
0.000000120
0.000000111
0.000000028
0.000000043
0.000000076
-778362348.333333373
0.000000113
0.000000042
360889866.833333313
0.000000052
1000000000.000000000
0.000000012
607200613.083333373
0.000000105
-1000000000.000000000
1000000000.000000000
-1000000000.000000000
0.000000014
0.000000016
-61078092.583333336
0.000000342
0.000000112
-36205342.500000000
1000000000.000000000
127877951.583333328
0.000000197
-576832956.166666627
0.000000878
1000000000.000000000
1000000000.000000000
-1000000000.000000000
1000000000.000000000
-733772167.000000000
431723648.666666687
-834118451.833333373
-698667612.666666627
-47287302.833333336
-1000000000.000000000
-473583706.583333313
-1000000000.000000000
-116364737.500000000
0.000000085
0.000000156
0.000000029
0.000000913
-228667642.750000000
0.000000299
-1000000000.000000000
-232265681.416666657
-452093979.083333313
307626032.583333313
0.000000018
0.000000200
578185587.750000000
0.000000078
-1000000000.000000000
0.000000090
0.000000002
-1000000000.000000000
472041779.166666687
0.000000016
0.000000046
0.000000023
0.000000047
-1000000000.000000000
393349676.333333313
0.000000079
-796163393.833333373
