0.000000009
0.000000111
0.000000144
0.000000020
-1000000000.000000000
0.000000091
0.000000047
0.000000097
-1000000000.000000000
0.000000023
0.000000126
0.000000035
0.000000014
226871691.166666657
-219197091.000000000
-532279761.083333313
0.000000624
-1000000000.000000000
0.000000041
259030259.416666657
502140086.583333313
1000000000.000000000
-751610799.416666627
0.000000018
-283788134.916666687
132070428.000000000
0.000000234
0.000000057
0.000000193
-1000000000.000000000
0.000000345
-1000000000.000000000
289832258.500000000
1000000000.000000000
0.000000109
0.000000017
4525387.583333333
0.000000009
0.000000014
0.000000327
-1000000000.000000000
0.000000037
126496834.833333328
0.000000027
0.000000394
0.000000017
0.000000086
-1000000000.000000000
-1000000000.000000000
-1000000000.000000000
0.000000005
247455299.583333343
0.000000017
-1000000000.000000000
-246121630.166666657
0.000000006
0.000000432
925364269.916666627
0.000000081
0.000000241
0.000000000
354663902.166666687
443559349.083333313
-1000000000.000000000
-798457110.250000000
0.000000085
-1000000000.000000000
0.000000080
845058293.583333373
-889968663.916666627
-1000000000.000000000
-694981991.000000000
-1000000000.000000000
0.000000112
333072560.083333313
0.000000069
564623260.916666627
53442665.750000000
0.000000042
1000000000.000000000
0.000000058
-190976576.250000000
0.000000064
0.000000137
875518832.083333373
0.000000048
0.000000021
-1000000000.000000000
-436283043.333333313
286968970.416666687
0.000000091
1000000000.000000000
-796309912.833333373
0.000000421
0.000000000
0.000000000
0.000000192
373699174.000000000
0.000000038
0.000000141
