0.000000120
0.000000013
0.000004910
550331852.500000000
0.000000031
0.000000078
-658173094.000000000
0.000000076
0.000000135
0.000002544
770726147.500000000
-610191243.166666627
403959746.416666687
0.000000028
0.000000050
-729740143.000000000
529710536.333333313
1000000000.000000000
424293052.000000000
0.000000028
-198175610.833333343
0.000000146
0.000000162
-449012642.500000000
0.000000029
344872445.750000000
-840529768.583333373
0.000000014
0.000000170
1000000000.000000000
0.000000004
0.000000027
-398677781.333333313
0.000000035
0.000000071
-976844859.333333373
0.000000092
0.000000679
287797783.000000000
0.000000364
0.000000098
164711507.000000000
0.000000052
0.000000033
0.000000102
0.000000014
1000000000.000000000
513590016.666666687
85905107.833333328
839498678.500000000
0.000000046
-1000000000.000000000
-1000000000.000000000
0.000000200
0.000000104
1000000000.000000000
0.000000298
0.000000024
1000000000.000000000
-245498631.250000000
-1000000000.000000000
1000000000.000000000
0.000000070
0.000000108
-447152220.500000000
0.000000019
1000000000.000000000
0.000000015
0.000000007
-476505666.583333313
-1000000000.000000000
-244854234.500000000
-564935033.000000000
1000000000.000000000
0.000000000
0.000000030
943086450.583333373
849290992.583333373
886361135.916666627
0.000000019
346743594.666666687
-1000000000.000000000
0.000000049
0.000000025
-1000000000.000000000
0.000000047
905620989.583333373
0.000000051
0.000000026
0.000000012
0.000000041
980037137.500000000
0.000000173
1000000000.000000000
0.000000001
315170947.583333313
-491451485.583333313
0.000000547
0.000000074
1000000000.000000000
