0.000000092
0.000000029
0.000000129
984619257.583333373
0.000000021
0.000000014
0.000000023
450390004.166666687
0.000000007
856982733.000000000
0.000000097
-730067582.833333373
-175790686.083333343
70357860.333333328
0.000000020
0.000000111
0.000000241
0.000000061
0.000000021
0.000000043
0.000000022
0.000000094
0.000000042
0.000000012
0.000000118
0.000000075
0.000000358
0.000000021
-1000000000.000000000
0.000000009
0.000000014
0.000000131
0.000000032
425784154.250000000
1000000000.000000000
0.000000025
1000000000.000000000
0.000000019
0.000000089
-76206043.583333328
-29261528.166666668
0.000000030
0.000000197
0.000000475
0.000000076
0.000000027
0.000000102
-644274235.333333373
0.000000144
1000000000.000000000
1000000000.000000000
588019363.166666627
273639894.916666687
57172631.916666664
0.000000043
0.000000128
1000000000.000000000
379779541.833333313
-456394619.000000000
-646351960.250000000
895086194.500000000
0.000000081
961600226.833333373
299545549.166666687
0.000000032
0.000000115
-705155259.833333373
-1000000000.000000000
-822191032.750000000
-1000000000.000000000
0.000000527
-933080356.250000000
0.000000163
0.000000056
0.000000126
0.000000066
0.000000049
852340071.583333373
-1000000000.000000000
-1000000000.000000000
0.000000015
0.000000083
0.000000000
0.000000092
0.000000044
0.000000030
-672435684.833333373
954868564.500000000
1000000000.000000000
0.000000073
-808393333.250000000
1000000000.000000000
-995592991.583333373
1000000000.000000000
0.000000208
-549878736.500000000
0.000000113
-618987798.333333373
0.000000000
889375602.666666627
